# oST version 5.0 parameters


[image]

width
640

height
480

[narrow_stereo]

camera matrix
589.804445 0.000000 330.532163
0.000000 579.480456 245.340808
0.000000 0.000000 1.000000

distortion
-0.664240 0.734325 0.020248 0.000997 -0.664352 -0.287686 0.000000 0.000000

rectification
1.000000 0.000000 0.000000
0.000000 1.000000 0.000000
0.000000 0.000000 1.000000

projection
544.603760 0.000000 331.962085 0.000000
0.000000 545.785583 252.609280 0.000000
0.000000 0.000000 1.000000 0.000000
